1.359356390878524889e+00 1.289097196682575031e+03 1.289097196682575053e+01
1.469125251574550761e+00 1.172048368557575031e+03 1.172048368557575060e+01
1.587758014966996978e+00 1.072706571682575031e+03 1.072706571682575039e+01
1.715970446624653034e+00 9.999507123075751451e+02 9.999507123075751736e+00
1.854536110624147138e+00 9.481133099638251451e+02 9.481133099638251238e+00
2.004291036814833671e+00 9.105263959013251451e+02 9.105263959013251807e+00
2.166138764968179586e+00 8.824834271513251451e+02 8.824834271513251949e+00
2.341055796245300691e+00 8.609365521513251451e+02 8.609365521513252517e+00
2.530097484873840674e+00 8.439062787138251451e+02 8.439062787138251309e+00
2.734404405581362774e+00 8.300810834013251451e+02 8.300810834013251593e+00
2.955209235202886475e+00 8.185791302763251451e+02 8.185791302763250954e+00
3.193844189982440351e+00 8.087998334013251451e+02 8.087998334013251522e+00
3.451749063441282406e+00 8.003281537138251451e+02 8.003281537138251522e+00
3.730479913308881734e+00 7.928779584013251451e+02 7.928779584013251558e+00
4.031718449928906267e+00 7.862480755888251451e+02 7.862480755888251238e+00
4.357282182784738112e+00 7.802890912138251451e+02 7.802890912138251700e+00
4.709135386363132447e+00 7.748906537138251451e+02 7.748906537138251949e+00
5.089400951518086025e+00 7.699668255888251451e+02 7.699668255888251878e+00
5.500373193839586783e+00 7.654521771513251451e+02 7.654521771513251416e+00
5.944531696305983992e+00 7.612978802763251451e+02 7.612978802763251451e+00
6.424556269739010617e+00 7.574707318388251451e+02 7.574707318388251842e+00
